$ANSIBLE_VAULT;1.1;AES256
36363537653038626637313634623234376530616630656265353831313030666138366462356634
3530613264366661323661656637373863356338313135330a336333393439323630316665353362
37343237323664393566393665383365613166623634323131336164636537316137363837336235
6561323938386634330a333562303162393464323034616336353635366336306537653036376264
31393162623561373531303136623532353630383835326237303037623438633838326532313963
36326137306161336239656438666130653237303635666639646436663666383162373432326632
34336233306462383638373232386236373838363866616261393061626530396566356630663233
64336538646561636238353165336564373733346263663636336631636664353338383963663565
30303531633134646139313439633363663437623636666432333936656436333336356239333736
33383135313132383264343362613464343633333962656234336263353063356436353635663561
33353232653365646661663563656232393131336530626430616366656632613734373166653638
31626366326330303265396233343664663138613062636564613838316533333833326233303339
36666463383961343439333731663635633034303338656431353536346635323565306161386137
39633534646438333263643636356236393962613361363535393439656230373133633831353233
35613730373030363464346531316265373131363864306533643537373162396363366137643761
34643234336231356565653234656435363561343138396563353461326533613134323539663630
34656438313833333835663937316164666163316537396263643762373061636134613236653035
36646639393535303030633337633631333037306233313636663636343833343033343330346231
35633036326633633664343139653663313864663665626237323439653932663837323961366661
35653063386333363862323932356661653334383264366263663164376261636363313333326131
35396361393066666238613032356335643664313133623762376662613736343066643539313238
61643765323035343436666638313865613038316266393938363136333163363134643939643562
39323561626230383139643038373361626265636366643364383864353964393761613838633437
38313063376664313239353364646266373939663037363661353563353464643635643466346364
30316430333264393233303637633533626138356666373134346465336264653639353631366266
64623630616266306631386364666564303732643831666461333331356335323939333637356638
39303334386636386462333664626430336561333562313934346236353066333039306264666162
39616132393464646463376362323836363861386361343934393130343664373432656430613730
38303731303561353866623734313661326564323032663336306561656339386135326366343435
64333339663437316336613635356662386463376563323361353334333563323334646639653066
65306561643836633432356338653736663739353361346630376433353865346637626139346361
39613532366461306361623261313136323830643561633134343964626265356464626138653436
32623734373033333234353232313336373631353165616132313935616636376335316538323863
63383763373437616631333537393564373163346365326665323332363464373462373333303537
66333935623935363230656562346230303530643066316366356639326639303838653661303464
36383533656361396539643264613134383866623866646235393137326539613565303934626135
36633139383432656133343236653831613166623730363734383363373739366264376237613133
33616135323939383637656463663530353635373538613763636635323931326532616566613066
31333335643334333334373234623161326532616435653836306564613231663162356464613961
63626432373530643665326234653765343935306133373032653062373637363063656438343637
62666565613633316431623834343864666438356539613363323732313935396330313530383434
39366332383839366263353735313635636232303064363537323134373964376233643039333639
34646538303532376534386138303962376435383065613036633339303362383934363636376531
36353165643337653734623831633531646533396232306134626133363831333438356135666162
65353164323639653433363464646239376561323466333838633165383136316365383463333236
33613134663939626438616263323432383131663736356232303962346437383263373666666632
35613035333366613432633734316632353564383463323365623464623534333734653231653632
64653864323932656263313263343738616337666130313830653433633733663063373536316432
62326564636566613164386336333332303066653930333162373265376132643337373733366263
30306165666535393837653631643631303964373938613632386633313033366532313363626439
61643332303365366232306661383266666230666462393437653865313865313630636638316239
61663162666432383939623666393830653663383435326262333464623664336234373335646637
61346661343130306335323539383230653961303466313835353137653865626632333031386538
31313364386366343361326235353366396530343165613338373332326530356435353136393465
61363638643433333961323231373835376538366661346539613730303432306664333936336163
66666462306431303664636535666532633337613964366335653638376564306662646134343134
34373438623863623565373736646561346335626433643865373230616130353533633465616531
61333339353637356537343464633865343433613133626632646137383234616535393164623861
65656337346235623962653561623839353337663539336436623762346534643838393664373834
38663537656433626363366564313433313835363263663339623134336162653262653761393062
65343036383166336230303361313232316233376538313338366266303539636636346434633934
32343631376666393731666633306638623630663563343335343462613332313631373533366662
35373863313962383534346132633335393633303631376464363066643532323831633438336638
36653538656634353866616366646630383938306165616461376232616130633836303436323230
31356138306135356535656532303136376338633033373261323737323839616163633235333030
31333966643130616563366439653435646135333031656131343732373266626338306434336237
31373230363839313161666637646134616139613131656334623131653863623739363132346639
63323630373434316531653230383636353562343163346564303135636238656432393466613039
32313737306566383332333665653837306437366362353738306238326636656432303636663966
33346362323530663535353464363538393566323535616363313930613231623136666465613630
31616532366262656133303566323334306132616638373733633435326637653132343561353233
38376330323838346266613033323963373730343436346532366666623337663734386430653663
32643265656265666333636363616435333139336436623732666538323661653561356337613435
31623562393738386536613031326262343930623861666661336362663864313034613361663430
61353066353332316633346264633930363838303538356432303734616166663432633566633066
66303138636662393766323964383738656166373036626634666166363135313036393462333762
62386237666532323464633934666165373738616236303138393235323733626637343264386130
66353366303565643765616635643638623631646139653832396466666265376666656162396232
66346464353933303465383330393565363861666635303534613535613763336634333930326231
37373039333834303562623063393537376166346330356564376538393933326462306361336237
30666537383637306263383237373938363263633938343237336163383639643463646663643931
33386164613266663833626466623562363266343032353864666637336435616236666466386231
39313132396164346262636133376632626631373534643834343731336231663534393161613334
61396531386337363737646264353537376362643036383565623133643633313130346362623963
33666364386336333434653936376366616664646662666230383664333536356465643530626364
38623433616231366265323461623236333866643261336436636136626334316562653661336230
63623561633866393264323062393232356438396262386533643535666135663061666138383066
64356439613334356435663536633833383630633133343964393161386663313832626663393562
61633336316438363436353531616265663839636331663433623731353539363637323132623163
66323565633865626263393932383730383639613465663032383232316564376566663235626636
36653139613434393065346663616233643666636639333734646132633431613165643938616333
37363330383930643365666265316339303364323161646230373662616330643234383632666132
35303730386662356330623132666530656430356130346263313134346131376539306261396630
33313231393663646633613536643363326461393261376431313262313434303237346366306134
33353537323566326238653036323730383133616135366230313531313263653565363338326662
61643538666236383438333165316238656261666237623161316339626466303263643437373230
66646637313038663938633831383366613237623731663332636231326165383931663338343835
33323833666262633333653739333365353732613331356234363865616633653034316436303435
34316535306164343638646461306165656262396564323634613137616462303034376463363966
62373137343763366239353462323837303038336133393934333938326539373463313435643461
66643130396665343632326333303063376666636338363034666231643334373130363566323936
39653239303866306232363939646166376339643331636664333230653364333065636438636535
64636363356664653064653435353062623235653839333431366237613736373461373338396430
33636562393231613562326361646563366630653438303163303334653932353361663137653033
63666331653830633235663032356337336534656534616533366565653133333533613133373136
32646137396662346435386461623239346662333834306137623163653035396636326536623735
66356264613432616631303662653836303637663538356531393165333865313230653665626531
63346466343638643562306665643964333238383661653334376435363432303133376437626166
33376231623230323265366638663538643837363562623030373835343239613332326363356636
64326466336539393266326638626164666265653261346338323332643530376365623333663364
34346438313137613264653431613934386336303339656362656464316365643436386431633266
62383136353733656162393261376630343130646137333065313330363064383230326334646537
30643638616432323938383765333734636266346464373238626535336532353930343039383063
64386333376436393761646466623566326464376138636633333365306132393263366232333566
30313661643334366337303765363434316636366635376232396363653565323035393237393363
39383831326334373061386632643361303636393965663939386464383161623530653238353964
31353632613163373362393761356264646431326436353739386539333633386339643431346437
38653263393765313362313638396465653363313236663831613239623330633933623863343134
31396361626333613066393730636539636235346564633630306138303839663835343337636166
38373762333037373365366438343462616339313762653036343666663162646466623564626133
31323665386230363735663631343137643237366639386439653761323130323263306234396361
32346537653531353330393238623330323731666231366434363162376364356363363433323063
64326564373535356438396164636464396365323961356365373638333639363130376235356333
31386635303531633764313334613463633136383039373261333663626234636138653364663635
30356637386433623538333864343837356361366664613639303266643663393338353537643763
34383961336139316466626163366466656335633930303539303430363462363361663031326130
66343233323537613761343763326137303835363534626135326439386435623461363264356462
37376232306261653435666166313035363830313861643663333161646466653063333966356465
37346434656533646265613564323964393431323037646139616333663837316163646134373461
37333935616466663566663234366562643564323931373439363666386466636533663966316533
63633935353862346138386366663733323030633532383364343438396435326332373961396133
63333737303062636465393066663838623231353932363964343162653064353538643336346533
37616136346630663039363631363336393230383966303665356261643832666165656233343434
30313265353864323337313439333631376137313262303638306465383338346538316537366165
32623362623666613335616466623962646336373336353531333862316637313064313164633535
37653361323431393837376337643135383234373933326232643338323964356434336536323134
31623633356439346230386663336130386539636437623031323332633361366131646336303763
33303462383562633930616334653532363331363263376137313162356633613264366439326131
62376562333535326235326263303633373336313433346539343531636132326538653661386538
39323166656338303366343735666563303939643361363963343135363263366532303431623166
35346239363365396162666635383731653661376636623132656162653761313065346437343039
37613133396336636131386261636437623038656530326637653635616339623331303832313439
34383561373764306165373866393066656135336564346163333461346338316662363732306165
31393036316135653733633732636561643435303931363565643035353062343436663766386663
64303636306166393733363762653161336262656533623466393430633565343463343365646464
66396633636430636163646262336530376262386431326636366663393462303739323232316663
38373837663163383235613338623266663438373830633163643832643135616538656664623734
38613635666662353436666336386235333031323562663761393762353831373236303363373138
36393537343039376130626239386438396262303662316130333266356331303665303333333833
61316333356362633830396436363737646532666238353832383330383262346437393130663634
38663331343963666336623534343839336236353238616636313962343933643639613961663465
30313032663135316531623132323136613736396532373764633939646634303437643064653331
64653132666632376530386135323739316237373930633738663334616236343664386637656332
32383236333832616131646231353230633831666138313635363538393465336236346161333232
31326638383237663439326339353333623434656133616433616166666563656132363765616639
35353937663133653932653562383064623731396664396362333431633736663865353238623638
66333066616533626236363430643963333335393535656639666430366630396638646438343962
66363339663463323566373936336137356538653062633139653330613831396134313633373630
65346334353964613366336563393832656265353562343133326334323136316536323831306536
38313330363931396562636463346639633932353566376466353661306661616533306635343165
39623230303936323538373231633931386231303236306136616337313234613036636263323232
39613064646239306236303861356463643333623661613336663331393532393662393063646262
62323331666333333236343937663436623032653336616463393633623933643561643839626261
36313430333032393730616364623035623935353231303638383538333539383439333631666432
31323866626463313362636564376661396434613461343038633563343766636566343133346532
3537643830313964303135643830336666633631386263323436
